0,278
14,0
125,6
125,5
125,4
125,3
125,2
125,1
125,0
31,1
31,3
32,4
32,1
32,3
45,1
45,3
30,1
30,3
29,1
29,3
44,1
44,3
37,1
37,3
124,52
124,51
124,50
124,49
124,48
124,47
124,46
124,45
124,44
124,43
124,42
124,41
124,40
124,39
124,38
124,37
124,36
38,1
38,3
124,35
121,7
121,6
121,5
121,4
121,3
121,2
121,1
121,0
119,6
119,5
119,4
119,3
119,2
119,1
119,0
117,4
117,3
117,2
117,1
117,0
115,4
115,3
115,2
115,1
115,0
42,3
42,1
40,3
40,1
39,3
39,1
36,3
36,1
35,3
35,1
34,3
34,1
33,4
33,3
33,1
28,3
28,1
20,3
20,2
20,1
19,3
19,2
19,1
17,3
17,2
17,1
16,2
16,1
15,3
15,2
15,1
12,3
12,2
12,1
11,3
11,2
11,1
18,1
10,3
10,2
18,3
10,1
9,3
9,2
9,1
8,3
8,2
8,1
